2
12593392
3
31521595710
4
39238257311343
5
10464703092067106
6
1602844987370287104
7
72773742377763233792
8
8394686693964650643456
9
74121026849114712702976
10
229153950531079643332608
11
287733694294888145747968
12
145852820394609729339392
Gathered results:
[1, 1344, 12593392, 31521595710, 39238257311343, 10464703092067106,
 1602844987370287104, 72773742377763233792, 8394686693964650643456,
 74121026849114712702976, 229153950531079643332608,
 287733694294888145747968, 145852820394609729339392]
Total r-regular families:
1344808311315380068372992
------------------------------------------------------------------------------
2
8871843
3
32673254055
4
35025946407798
5
10667571097081772
6
2708691569405479936
7
142807823785081044992
8
6759641801661388685312
9
6086353893506031812608
10
193418548937059442098176
11
227076355492346079477760
12
820171384069169071783936
Gathered results:
[1, 1344, 8871843, 32673254055, 35025946407798, 10667571097081772,
 2708691569405479936, 142807823785081044992, 6759641801661388685312,
 6086353893506031812608, 193418548937059442098176,
 227076355492346079477760, 820171384069169071783936]
Total r-regular families:
1687144238754283380215130
------------------------------------------------------------------------------
2
10917828
3
38791987545
4
33605342058704
5
16103805236445212
6
3262356379884620288
7
135465096201734127616
8
1836650444808653373440
9
35396352270258539593728
10
236368955277004624625664
11
451354701947081230123008
12
3501907766152651536859136
Gathered results:
[1, 1344, 10917828, 38791987545, 33605342058704, 16103805236445212,
 3262356379884620288, 135465096201734127616, 1836650444808653373440,
 35396352270258539593728, 236368955277004624625664,
 451354701947081230123008, 3501907766152651536859136]
Total r-regular families:
4952098573211019632607892
------------------------------------------------------------------------------
2
10100261
3
28448849965
4
25784102428753
5
12780498562188566
6
2304811022877227008
7
127587729563056340992
8
4300510440524985401344
9
27919006510332162080768
10
271443353380640752926720
11
645744341289364157890560
12
1293203858127645694754816
Gathered results:
[1, 1344, 10100261, 28448849965, 25784102428753, 12780498562188566,
 2304811022877227008, 127587729563056340992, 4300510440524985401344,
 27919006510332162080768, 271443353380640752926720,
 645744341289364157890560, 1293203858127645694754816]
Total r-regular families:
3192278092063163925627380
------------------------------------------------------------------------------
2
10934238
3
41639986764
4
46512426294624
5
8436424097753848
6
1963868387113449728
7
210086534220933922816
8
4418479647500793806848
9
84851470015373208715264
10
156182997020163501457408
11
3374369118891109154553856
12
3482345928978916167385088
Gathered results:
[1, 1344, 10934238, 41639986764, 46512426294624, 8436424097753848,
 1963868387113449728, 210086534220933922816, 4418479647500793806848,
 84851470015373208715264, 156182997020163501457408,
 3374369118891109154553856, 3482345928978916167385088]
Total r-regular families:
10722414177898381929138566
------------------------------------------------------------------------------
2
11204077
3
31604504572
4
38426937527773
5
14487811257026324
6
2076665855135225088
7
135906971774960664576
8
7920981448006063620096
9
55031279876876674269184
10
536924178905410614329344
11
1712662258744207863709696
12
953155669084995693051904
Gathered results:
[1, 1344, 11204077, 31604504572, 38426937527773, 14487811257026324,
 2076665855135225088, 135906971774960664576, 7920981448006063620096, 
 55031279876876674269184, 536924178905410614329344, 
 1712662258744207863709696, 953155669084995693051904]
Total r-regular families:
5578509063361797937216054
------------------------------------------------------------------------------
2
10370442
3
38979358882
4
37094113126821
5
13197917401598642
6
2568058695139492864
7
165956762016484687872
8
3117264294134995746816
9
18901866946092775505920
10
256059097289764007575552
11
685235593844432266330112
12
120568249966785546158080
Gathered results:
[1, 1344, 10370442, 38979358882, 37094113126821, 13197917401598642,
 2568058695139492864, 165956762016484687872, 3117264294134995746816,
 18901866946092775505920, 256059097289764007575552,
 685235593844432266330112, 120568249966785546158080]
Total r-regular families:
2047532970827157893748616
------------------------------------------------------------------------------
